

33.71033477783203
33.73842906951904
33.63426756858826
33.775633096694946
33.675681352615356
33.73941922187805
33.55820274353027
33.736185789108276
33.87441110610962
33.71670413017273
33.7279098033905
33.736045122146606
33.59186315536499
33.814204454422
33.714595079422
33.57103657722473
33.82740545272827
33.515137910842896
33.918275594711304
33.67007756233215

192.12958598136902
192.83314633369446
193.01098680496216
192.90560245513916
193.46436834335327
192.64332747459412
192.693843126297
193.66174745559692
192.94808220863342
192.87244248390198
201.54157137870789
194.56369996070862
194.1021695137024
193.28797030448914
192.358149766922
192.60997533798218
193.14952540397644
193.0982723236084
193.0297462940216
192.90479135513306

56.390984535217285
56.71255302429199
56.519546031951904
56.84447169303894
56.91251802444458
56.411930084228516
56.89453911781311
56.444602966308594
56.96121954917908
56.282747745513916
56.570451974868774
56.33866286277771
56.7186164855957
56.39805316925049
56.37552070617676
56.289995193481445
56.63148021697998
56.691123962402344
56.2606315612793
56.661834478378296

17.603209257125854
17.605278730392456
17.581002235412598
17.64941096305847
17.626320123672485
17.721924543380737
17.769399881362915
17.594640016555786
17.62692093849182
17.596629858016968
17.67229986190796
17.606623888015747
17.682469129562378
17.561254501342773
17.74814200401306
17.70656108856201
17.80924129486084
17.635369062423706
17.723400354385376
17.667083024978638

24.158316135406494
24.240007162094116
24.31870412826538
24.378392457962036
24.434354782104492
24.455758094787598
24.248854160308838
24.33316135406494
24.380704641342163
24.12859010696411
24.283699989318848
24.168861627578735
24.342698335647583
24.251847505569458
24.34857702255249
24.254356622695923
24.398987770080566
24.503432512283325
24.170488595962524
24.34554386138916

8.218160390853882
8.214414834976196
8.181609630584717
8.236999750137329
8.2025625705719
8.199306964874268
8.217082500457764
8.182453870773315
8.139318466186523
8.191631078720093
8.177255392074585
8.170686960220337
8.255890846252441
8.193744421005249
8.224352359771729
8.180736541748047
8.189914226531982
8.097423076629639
8.103564977645874
8.15778660774231

3.1009368896484375
3.1149256229400635
3.1333203315734863
3.1026194095611572
3.071063995361328
3.1325554847717285
3.115036964416504
3.0883259773254395
3.08591890335083
3.1113955974578857
3.098712921142578
3.110529899597168
3.073303461074829
3.0709052085876465
3.089970827102661
3.062610149383545
3.110366106033325
3.1039018630981445
3.0774364471435547
3.088413715362549


