394.0315737724304
394.536643743515
393.99429273605347
394.03509998321533
393.876282453537
394.36131978034973
393.13637495040894
394.572242975235
394.797025680542
396.2004129886627
393.1808559894562
393.5650062561035
395.66766333580017
388.76235151290894
393.0549097061157
394.2520372867584
397.11616134643555
394.23458552360535
393.7745883464813
395.3041970729828

82.69976997375488
81.4810266494751
81.81060695648193
81.84647393226624
81.28786158561707
81.61759352684021
81.58068227767944
81.61417770385742
81.57573509216309
81.49254631996155
81.58710837364197
81.41563820838928
81.49358463287354
81.92525005340576
84.25154495239258
81.4668378829956
81.86335182189941
81.48149800300598
81.67449307441711
81.98374509811401

28.06795382499695
27.774786710739136
27.89182949066162
27.84625792503357
27.884766340255737
27.829357862472534
27.609070777893066
27.8163583278656
30.253002166748047
27.97015118598938
27.889639377593994
27.916739463806152
27.869320392608643
27.660641193389893
27.995271921157837
27.908030033111572
27.885409116744995
27.695757389068604
27.993191719055176
27.80150818824768

202.50354838371277
202.41473054885864
202.2936396598816
202.08405208587646
203.1445713043213
202.44690895080566
202.0186402797699
202.1151659488678
203.0384373664856
201.7343451976776
201.9869089126587
201.8663694858551
202.04126048088074
202.4348554611206
202.13539600372314
202.1126024723053
204.21974277496338
201.66761088371277
201.7728853225708
202.03671550750732

42.17346167564392
42.233667850494385
42.33276414871216
42.36517596244812
42.38705372810364
43.02712368965149
42.40035891532898
42.229262351989746
42.96477293968201
42.25578045845032
42.31649613380432
42.48090863227844
42.32900547981262
42.25133514404297
42.28876495361328
42.354466915130615
42.173710346221924
42.50186252593994
42.41041803359985
42.469789028167725

14.714367628097534
14.683954000473022
14.713878870010376
14.838176250457764
14.726113319396973
14.750933647155762
14.771747350692749
14.52352523803711
14.706958532333374
14.784274578094482
14.798773527145386
14.740959882736206
14.652026176452637
14.728962421417236
14.779279232025146
14.805589437484741
14.7500581741333
14.675748586654663
14.712466955184937
14.717076063156128

26.356588125228882
26.271512269973755
26.31022334098816
26.34341788291931
26.39112615585327
26.27841877937317
26.68645215034485
26.45941734313965
26.42419171333313
26.48231267929077
26.575344800949097
26.595633029937744
26.218770265579224
26.278257608413696
26.31679391860962
26.31026864051819
26.300785064697266
26.170167207717896
26.515665769577026
26.634950160980225

6.274076700210571
6.309535980224609
6.215935468673706
6.26578426361084
6.2501256465911865
6.233285665512085
6.218697547912598
6.23974609375
6.278031826019287
6.378152847290039
6.209754467010498
6.252480745315552
6.238729000091553
6.278865098953247
6.222531318664551
6.284576416015625
6.2251012325286865
6.244212865829468
6.244396686553955
6.225090503692627

2.636538028717041
2.6385114192962646
2.6377055644989014
2.6513125896453857
2.6402688026428223
2.6406257152557373
2.66890025138855
2.6387064456939697
2.62489914894104
2.633443832397461
2.6374051570892334
2.646296739578247
2.6517348289489746
2.669193744659424
2.6575264930725098
2.6694509983062744
2.9609105587005615
2.625892400741577
2.653735876083374
2.6610467433929443

