33.784470081329346
33.432405948638916
33.411357402801514
33.47346115112305
33.41458821296692
33.637118101119995
33.42969465255737
33.02670645713806
33.42371964454651
33.42928123474121
33.53467679023743
34.31017017364502
33.53440713882446
33.40889573097229
33.43732571601868
33.45064401626587
33.494913816452026
33.409873485565186
33.423646211624146
33.50563836097717

9.804975986480713
9.830751657485962
9.85916256904602
9.85874080657959
9.866089582443237
9.849112510681152
9.973544359207153
9.867117881774902
9.857744216918945
9.856137037277222
9.866564750671387
9.840196132659912
9.878417491912842
9.863267183303833
9.861298322677612
9.83377456665039
9.857006788253784
9.814039945602417
9.854862451553345
9.847888469696045

3.0357306003570557
3.0307817459106445
3.0318801403045654
3.0307788848876953
3.0423264503479004
3.0483434200286865
3.0340428352355957
3.032433271408081
3.0399224758148193
3.036593198776245
3.0302531719207764
3.045548677444458
3.0335922241210938
3.0448412895202637
3.0450525283813477
3.0340070724487305
3.041203498840332
3.0522267818450928
3.037975788116455
3.048731565475464

17.130661725997925
17.072970390319824
17.1056125164032
17.089498043060303
17.113235235214233
17.103795528411865
17.1915385723114
17.180285453796387
17.18789577484131
17.099402904510498
17.085943460464478
17.070518970489502
17.132917404174805
17.094106674194336
17.12449288368225
17.072267770767212
17.14345407485962
17.136608600616455
17.166587591171265
17.13024067878723

5.131655216217041
5.13135290145874
5.123934030532837
5.126694917678833
5.127532482147217
5.138511896133423
5.119772434234619
5.273083448410034
5.1329262256622314
5.120125770568848
5.128461599349976
5.114388704299927
5.1234211921691895
5.130563974380493
5.136677503585815
5.108665227890015
5.129947900772095
5.433030605316162
5.102814197540283
5.12980318069458

1.6138696670532227
1.601203441619873
1.6126503944396973
1.5986487865447998
1.6143641471862793
1.6055431365966797
1.5643401145935059
1.548553466796875
1.6063973903656006
1.6159265041351318
1.6033272743225098
1.6018383502960205
1.6034278869628906
1.6082887649536133
1.6018335819244385
1.6027143001556396
1.6040394306182861
1.6001107692718506
1.5996015071868896
1.6083042621612549

2.2149341106414795
2.2081453800201416
2.222944974899292
2.228026866912842
2.216139793395996
2.2152795791625977
2.2156550884246826
2.229591131210327
2.222156047821045
2.223939895629883
2.207658052444458
2.2118663787841797
2.2116663455963135
2.219618082046509
2.2375545501708984
2.222266435623169
2.22058367729187
2.2062618732452393
2.2100698947906494
2.2104833126068115

0.7555665969848633
0.7597124576568604
0.7512860298156738
0.7564756870269775
0.7453503608703613
0.7604222297668457
0.7561609745025635
0.7566344738006592
0.7581408023834229
0.7644004821777344
0.7563390731811523
0.7535562515258789
0.7549529075622559
0.7626073360443115
0.760303258895874
0.7563886642456055
0.7537951469421387
0.7543306350708008
0.7619624137878418
0.7534835338592529

0.2894556522369385
0.28945398330688477
0.2904822826385498
0.28998374938964844
0.2890045642852783
0.29000091552734375
0.2891659736633301
0.2902500629425049
0.2937026023864746
0.28960657119750977
0.28759288787841797
0.2902414798736572
0.28964877128601074
0.2916078567504883
0.28962111473083496
0.28996968269348145
0.2899773120880127
0.28937411308288574
0.2911651134490967
0.2881746292114258

