164.11442875862122
163.78092336654663
163.4291045665741
163.3792850971222
163.2082076072693
163.68000769615173
163.5456166267395
163.17166304588318
163.14553308486938
163.60553312301636
163.32385563850403
163.3903865814209
163.5424931049347
163.5376546382904
163.68865418434143
163.01632380485535
163.7103898525238
164.130610704422
163.1941955089569
163.097496509552

48.385640382766724
47.90619206428528
48.083083629608154
48.39036154747009
48.025851249694824
48.17958068847656
48.341156244277954
48.069215536117554
49.09449028968811
48.32152533531189
48.1588408946991
49.74437141418457
48.5049524307251
48.22481679916382
48.523613691329956
48.036267042160034
48.329920530319214
48.139840841293335
48.50747013092041
48.14224672317505

15.434465885162354
14.898759841918945
14.893948316574097
14.852658748626709
14.962178230285645
14.913111686706543
14.913850784301758
14.886907815933228
14.789976119995117
14.851952314376831
14.85812258720398
14.95859169960022
14.94829273223877
14.969062805175781
14.950683116912842
14.955914497375488
14.893516778945923
14.873045206069946
14.884034395217896
14.869662761688232

83.51898980140686
83.87879586219788
83.73200130462646
83.45462441444397
83.95288920402527
84.02026462554932
83.7937240600586
84.04910159111023
83.821706533432
83.88659143447876
84.13058400154114
83.85609483718872
84.21491622924805
84.10876441001892
84.00471591949463
83.86570811271667
83.86785674095154
84.60621666908264
83.95724487304688
83.9566605091095

24.729873418807983
25.273765087127686
25.327653169631958
25.084680557250977
25.08374810218811
25.142714738845825
25.290043354034424
25.105865478515625
25.119799375534058
25.082346200942993
25.117293119430542
25.02337384223938
24.781686782836914
25.15065050125122
25.11292004585266
25.224987983703613
25.07680058479309
25.06139087677002
25.11085319519043
25.034335374832153

7.912240743637085
7.893470525741577
7.906826972961426
7.919206857681274
7.837498664855957
7.819315433502197
7.807971715927124
7.801422834396362
7.793988227844238
7.806412696838379
7.833324670791626
7.815016269683838
7.927683591842651
7.81773042678833
7.802458763122559
7.81825590133667
7.8075172901153564
7.827013969421387
7.844951629638672
7.84540581703186

10.808427810668945
10.853724241256714
10.807318925857544
10.833332777023315
10.824272394180298
10.875678300857544
11.162903547286987
10.87485671043396
10.847653150558472
10.769455671310425
10.785547256469727
10.801825284957886
10.781883955001831
10.81804084777832
10.786811351776123
10.799371242523193
10.784500122070312
10.769302129745483
10.810032606124878
10.801796913146973

3.6684794425964355
3.682422399520874
3.6929538249969482
3.6766457557678223
3.6947102546691895
3.672471523284912
3.6605489253997803
3.689749002456665
3.6870272159576416
3.689850330352783
3.715423107147217
3.689987897872925
3.6911978721618652
3.6781005859375
3.691465139389038
3.6686019897460938
3.689063549041748
3.690891742706299
3.7269203662872314
3.7198026180267334

1.3966646194458008
1.399442434310913
1.4012837409973145
1.4008638858795166
1.4108164310455322
1.4084694385528564
1.4073102474212646
1.387868881225586
1.3990778923034668
1.397221565246582
1.4075593948364258
1.393742561340332
1.389927625656128
1.397629737854004
1.3872075080871582
1.3929436206817627
1.3945941925048828
1.396589994430542
1.3995976448059082
1.3990204334259033

