29.27857780456543
28.718862295150757
28.77803921699524
28.528809547424316
28.86233425140381
28.55540633201599
28.63994860649109
28.654983043670654
28.714115858078003
28.77165389060974
28.645702838897705
28.477924346923828
28.642595767974854
28.660215616226196
28.71226215362549
28.61526346206665
28.70653986930847
28.550766468048096
28.70095205307007
29.109171628952026

5.9193315505981445
5.932475566864014
5.933472394943237
5.941380262374878
5.937278747558594
5.926156759262085
5.9505064487457275
5.933601140975952
5.929301023483276
5.935641288757324
5.943981170654297
5.911660194396973
5.9447855949401855
5.926713705062866
5.897480726242065
5.91631293296814
5.929023265838623
5.9234678745269775
5.974091529846191
5.9128172397613525

2.039494276046753
2.0282657146453857
2.0309135913848877
2.0268609523773193
2.0306708812713623
2.0334713459014893
2.030853271484375
2.0302913188934326
2.027635097503662
2.031639575958252
2.03196382522583
2.040146827697754
2.036641836166382
2.0349650382995605
2.030182361602783
2.039470672607422
2.0423080921173096
2.0413737297058105
2.031372308731079
2.0353713035583496

14.639551401138306
14.641136407852173
14.703572273254395
14.683368921279907
14.584654092788696
14.659717082977295
14.683990478515625
14.740290403366089
14.613733053207397
14.666763544082642
14.64839220046997
14.663076162338257
14.696941614151001
14.687747478485107
14.631586790084839
14.686383724212646
14.66657543182373
14.690420627593994
14.68324065208435
14.659480333328247

3.089911460876465
3.081441879272461
3.086042881011963
3.0828073024749756
3.090625762939453
3.126563549041748
3.1501901149749756
3.079571008682251
3.0924084186553955
3.088850259780884
3.075237274169922
3.088510274887085
3.080148696899414
3.0791120529174805
3.0861403942108154
3.127598762512207
3.0981404781341553
3.08913516998291
3.072768211364746
3.087834119796753

1.0800127983093262
1.0765016078948975
1.0787837505340576
1.0876460075378418
1.0808844566345215
1.0417892932891846
1.0373914241790771
1.0409293174743652
1.0748517513275146
1.0760281085968018
1.0721664428710938
1.0764524936676025
1.0686297416687012
1.077723503112793
1.0730271339416504
1.0785763263702393
1.0707149505615234
1.071735143661499
1.073747158050537
1.0732080936431885

1.895019292831421
1.8874824047088623
1.8845531940460205
1.906341552734375
1.9017157554626465
1.9017906188964844
1.8908436298370361
1.961104393005371
1.8880503177642822
1.8940832614898682
1.8961329460144043
1.9061520099639893
1.892118215560913
1.887479305267334
1.9022302627563477
1.8914258480072021
1.895646333694458
1.8881678581237793
1.8802013397216797
1.891000747680664

0.4619710445404053
0.45835041999816895
0.4561648368835449
0.4583415985107422
0.45171070098876953
0.45685362815856934
0.4621269702911377
0.46004152297973633
0.4588792324066162
0.4657769203186035
0.4603097438812256
0.45728158950805664
0.45520925521850586
0.45797276496887207
0.45779991149902344
0.45847654342651367
0.45816588401794434
0.45726966857910156
0.45771002769470215
0.4582815170288086

0.19386696815490723
0.1916358470916748
0.1918637752532959
0.19983243942260742
0.1946568489074707
0.19367694854736328
0.19227361679077148
0.19226908683776855
0.19380831718444824
0.19369077682495117
0.19272136688232422
0.19277429580688477
0.19390583038330078
0.19342827796936035
0.19315719604492188
0.19263839721679688
0.1944139003753662
0.19469308853149414
0.1987006664276123
0.19382524490356445

