140.8913700580597
140.30958652496338
140.5075225830078
140.20448398590088
140.22881984710693
140.08034682273865
140.06048464775085
140.08406400680542
140.2007715702057
139.76357769966125
139.92335271835327
141.14525604248047
140.0317931175232
140.3884711265564
140.10935473442078
140.2140440940857
139.94651198387146
140.6065366268158
140.6519935131073
140.1540389060974

29.13760209083557
28.874068021774292
28.938294410705566
29.040263652801514
29.33770990371704
29.071721076965332
29.09679913520813
28.982970476150513
29.138718366622925
28.957597494125366
29.094051361083984
28.937697410583496
29.127505779266357
29.481666803359985
28.93161153793335
28.885759592056274
29.126272439956665
29.120634078979492
29.051087141036987
29.004239559173584

10.000914573669434
10.051763534545898
9.956842184066772
10.024135828018188
10.002452611923218
9.960075378417969
9.957567691802979
9.93116569519043
9.960940837860107
9.947536945343018
10.04587984085083
9.996373414993286
10.060160160064697
10.004281997680664
9.989827632904053
9.94568395614624
9.955856561660767
9.944758176803589
9.95907473564148
9.920450925827026

71.76912331581116
71.60100317001343
71.76902747154236
71.51573061943054
72.31740951538086
72.02539205551147
72.18246626853943
71.89110374450684
71.9244167804718
71.88962149620056
71.93552756309509
71.95594024658203
72.0684609413147
72.08885455131531
71.89234256744385
71.80600190162659
72.31764698028564
72.27233076095581
72.08334589004517
71.56303882598877

15.137106657028198
15.24438762664795
15.125914335250854
15.111116886138916
15.107396125793457
15.103256464004517
15.089607954025269
15.161863803863525
15.086834907531738
15.104174852371216
15.06718373298645
15.099102973937988
15.161181688308716
15.091551303863525
15.157376050949097
15.164743423461914
15.113977193832397
15.05512547492981
15.116960048675537
15.085986137390137

5.295671701431274
5.280713081359863
5.2961812019348145
5.231022357940674
5.242071866989136
5.246508359909058
5.228778600692749
5.214297771453857
5.219989061355591
5.227147817611694
5.232204914093018
5.224182844161987
5.201547861099243
5.228165626525879
5.216716289520264
5.2178380489349365
5.226522922515869
5.258004188537598
5.234647035598755
5.249531984329224

9.26127576828003
9.263274669647217
9.233035564422607
9.250723600387573
9.293923139572144
9.27024245262146
9.274890661239624
9.171831846237183
9.237232208251953
9.173032999038696
9.220225811004639
9.329244375228882
9.207214832305908
9.21918797492981
9.251512050628662
9.231234788894653
9.1967031955719
9.20324158668518
9.228851556777954
9.22987961769104

2.211737632751465
2.224201202392578
2.222503662109375
2.2213351726531982
2.235966920852661
2.2219364643096924
2.2177252769470215
2.2265751361846924
2.2243010997772217
2.229050874710083
2.2420778274536133
2.223449230194092
2.2265355587005615
2.214581251144409
2.2322983741760254
2.213955879211426
2.232386827468872
2.2281486988067627
2.2438747882843018
2.239068031311035

0.9434642791748047
0.9469602108001709
0.9485840797424316
0.9443421363830566
0.9513397216796875
0.9440693855285645
0.952838659286499
0.9354369640350342
0.9409372806549072
0.9413559436798096
0.9400207996368408
0.9386086463928223
0.9367885589599609
0.9403448104858398
0.9377696514129639
0.9402365684509277
0.9477205276489258
0.934924840927124
0.9433302879333496
0.9379346370697021

